nm   riboflavin folic acid   cholecalciferol  retinol
-------------------------------------------------------
700	0.769	7.161e-3	6.163e-4	0.068
720	0.667	6.255e-3	1.906e-4	0.042
740	0.554	5.834e-3	1.083e-4	0.022
760	0.455	5.335e-3	1.117e-4	9.080e-3
780	0.340	2.628e-3	1.221e-4	3.344e-3
780	0.339	2.628e-3	1.221e-4	3.344e-3
800	0.294	1.728e-3	1.037e-4	1.266e-3
820	0.318	8.365e-4	2.302e-4	4.499e-4
840	0.354	4.455e-4	1.319e-4	1.341e-4
860	0.244	1.826e-4	3.000e-5	3.341e-5
860	0.244	1.745e-4	3.000e-5	2.896e-5
880	0.155	1.005e-4	1.949e-5	1.658e-5
900	0.195	4.481e-5	1.920e-5	6.610e-6
920	0.154	2.671e-5	1.885e-5	1.112e-5
940	0.087	1.804e-5	5.931e-5	2.307e-5
960	0.100	9.879e-6	1.286e-4	3.961e-5
980	0.034	7.577e-6	1.575e-4	4.635e-5
980	0.034	7.799e-6	1.593e-4	4.481e-5
1000	6.31e-3	3.83e-6		1.164e-4	2.258e-5